COO Sparse Tensor information (use sptIndex, sptValue))---------
DIMS=22476x22476x23776223 NNZ=28436033 DENSITY=2.367490e-09
COO-STORAGE=433.90MB

HiCOO Sparse Tensor information ---------
DIMS=22476x22476x23776223 NNZ=28436033
sb=32 sk=4096 sc=256
nb=10231212 nk=131312 nc=207092
HiCOO-STORAGE=387.56MB

tk: 1, tb: 1
Should specify sequetial MTTKRP.
[OMP  HiCOO SpTns MTTKRP]: 0.000004910 s
