COO Sparse Tensor information (use sptIndex, sptValue))---------
DIMS=99960x7170x598 NNZ=4142857 DENSITY=9.666146e-06
COO-STORAGE=63.21MB

HiCOO Sparse Tensor information ---------
DIMS=99960x7170x598 NNZ=4142857
sb=32 sk=4096 sc=256
nb=698447 nk=47 nc=17290
HiCOO-STORAGE=41.11MB

tk: 8, tb: 4
[OMP  HiCOO SpTns MTTKRP]: 0.231322785 s
