COO Sparse Tensor information (use sptIndex, sptValue))---------
DIMS=199880x8086x656 NNZ=7598531 DENSITY=7.166758e-06
COO-STORAGE=115.94MB

HiCOO Sparse Tensor information ---------
DIMS=199880x8086x656 NNZ=7598531
sb=32 sk=4096 sc=256
nb=1350369 nk=95 nc=31567
HiCOO-STORAGE=76.72MB

tk: 32, tb: 1
[OMP  HiCOO SpTns MTTKRP]: 0.315169010 s
