COO Sparse Tensor information (use sptIndex, sptValue))---------
DIMS=532924x17262471x2480308 NNZ=140126181 DENSITY=6.141090e-12
COO-STORAGE=2.09GB

HiCOO Sparse Tensor information ---------
DIMS=532924x17262471x2480308 NNZ=140126181
sb=32 sk=4096 sc=256
nb=139698269 nk=91695720 nc=91695720
HiCOO-STORAGE=4.88GB

[CPU  HiCOO SpTns MTTKRP]: 32.458024183 s
