COO Sparse Tensor information (use sptIndex, sptValue))---------
DIMS=12092x9184x28818 NNZ=76879419 DENSITY=2.402239e-05
COO-STORAGE=1.15GB

HiCOO Sparse Tensor information ---------
DIMS=12092x9184x28818 NNZ=76879419
sb=32 sk=4096 sc=256
nb=36003016 nk=72 nc=302019
HiCOO-STORAGE=1.17GB

[CPU  HiCOO SpTns MTTKRP]: 13.736141891 s
