COO Sparse Tensor information (use sptIndex, sptValue))---------
DIMS=2902330x2143368x25495389 NNZ=143599552 DENSITY=9.054155e-13
COO-STORAGE=2.14GB

HiCOO Sparse Tensor information ---------
DIMS=2902330x2143368x25495389 NNZ=143599552
sb=32 sk=4096 sc=256
nb=143546262 nk=132486138 nc=132486138
HiCOO-STORAGE=5.58GB

[CPU  HiCOO SpTns MTTKRP]: 38.622829665 s
